# Look up table (det,x,y,z) x,y,z in cm
# detID  x(cm) y(cm) z(cm)
1000,-45,-45,-20
1001,-45,-35,-20
1002,-45,-25,-20
1003,-45,-15,-20
1004,-45,-5,-20
1005,-45,5,-20
1006,-45,15,-20
1007,-45,25,-20
1008,-45,35,-20
1009,-45,45,-20
1010,-35,-45,-20
1011,-35,-35,-20
1012,-35,-25,-20
1013,-35,-15,-20
1014,-35,-5,-20
1015,-35,5,-20
1016,-35,15,-20
1017,-35,25,-20
1018,-35,35,-20
1019,-35,45,-20
1020,-25,-45,-20
1021,-25,-35,-20
1022,-25,-25,-20
1023,-25,-15,-20
1024,-25,-5,-20
1025,-25,5,-20
1026,-25,15,-20
1027,-25,25,-20
1028,-25,35,-20
1029,-25,45,-20
1030,-15,-45,-20
1031,-15,-35,-20
1032,-15,-25,-20
1033,-15,-15,-20
1034,-15,-5,-20
1035,-15,5,-20
1036,-15,15,-20
1037,-15,25,-20
1038,-15,35,-20
1039,-15,45,-20
1040,-5,-45,-20
1041,-5,-35,-20
1042,-5,-25,-20
1043,-5,-15,-20
1044,-5,-5,-20
1045,-5,5,-20
1046,-5,15,-20
1047,-5,25,-20
1048,-5,35,-20
1049,-5,45,-20
1050,5,-45,-20
1051,5,-35,-20
1052,5,-25,-20
1053,5,-15,-20
1054,5,-5,-20
1055,5,5,-20
1056,5,15,-20
1057,5,25,-20
1058,5,35,-20
1059,5,45,-20
1060,15,-45,-20
1061,15,-35,-20
1062,15,-25,-20
1063,15,-15,-20
1064,15,-5,-20
1065,15,5,-20
1066,15,15,-20
1067,15,25,-20
1068,15,35,-20
1069,15,45,-20
1070,25,-45,-20
1071,25,-35,-20
1072,25,-25,-20
1073,25,-15,-20
1074,25,-5,-20
1075,25,5,-20
1076,25,15,-20
1077,25,25,-20
1078,25,35,-20
1079,25,45,-20
1080,35,-45,-20
1081,35,-35,-20
1082,35,-25,-20
1083,35,-15,-20
1084,35,-5,-20
1085,35,5,-20
1086,35,15,-20
1087,35,25,-20
1088,35,35,-20
1089,35,45,-20
1090,45,-45,-20
1091,45,-35,-20
1092,45,-25,-20
1093,45,-15,-20
1094,45,-5,-20
1095,45,5,-20
1096,45,15,-20
1097,45,25,-20
1098,45,35,-20
1099,45,45,-20
2000,-45,-45,20
2001,-45,-35,20
2002,-45,-25,20
2003,-45,-15,20
2004,-45,-5,20
2005,-45,5,20
2006,-45,15,20
2007,-45,25,20
2008,-45,35,20
2009,-45,45,20
2010,-35,-45,20
2011,-35,-35,20
2012,-35,-25,20
2013,-35,-15,20
2014,-35,-5,20
2015,-35,5,20
2016,-35,15,20
2017,-35,25,20
2018,-35,35,20
2019,-35,45,20
2020,-25,-45,20
2021,-25,-35,20
2022,-25,-25,20
2023,-25,-15,20
2024,-25,-5,20
2025,-25,5,20
2026,-25,15,20
2027,-25,25,20
2028,-25,35,20
2029,-25,45,20
2030,-15,-45,20
2031,-15,-35,20
2032,-15,-25,20
2033,-15,-15,20
2034,-15,-5,20
2035,-15,5,20
2036,-15,15,20
2037,-15,25,20
2038,-15,35,20
2039,-15,45,20
2040,-5,-45,20
2041,-5,-35,20
2042,-5,-25,20
2043,-5,-15,20
2044,-5,-5,20
2045,-5,5,20
2046,-5,15,20
2047,-5,25,20
2048,-5,35,20
2049,-5,45,20
2050,5,-45,20
2051,5,-35,20
2052,5,-25,20
2053,5,-15,20
2054,5,-5,20
2055,5,5,20
2056,5,15,20
2057,5,25,20
2058,5,35,20
2059,5,45,20
2060,15,-45,20
2061,15,-35,20
2062,15,-25,20
2063,15,-15,20
2064,15,-5,20
2065,15,5,20
2066,15,15,20
2067,15,25,20
2068,15,35,20
2069,15,45,20
2070,25,-45,20
2071,25,-35,20
2072,25,-25,20
2073,25,-15,20
2074,25,-5,20
2075,25,5,20
2076,25,15,20
2077,25,25,20
2078,25,35,20
2079,25,45,20
2080,35,-45,20
2081,35,-35,20
2082,35,-25,20
2083,35,-15,20
2084,35,-5,20
2085,35,5,20
2086,35,15,20
2087,35,25,20
2088,35,35,20
2089,35,45,20
2090,45,-45,20
2091,45,-35,20
2092,45,-25,20
2093,45,-15,20
2094,45,-5,20
2095,45,5,20
2096,45,15,20
2097,45,25,20
2098,45,35,20
2099,45,45,20
3000,99.9507,3.14108,0
3001,99.5562,9.41083,0
3002,98.7688,15.6434,0
3003,97.5917,21.8143,0
3004,96.0294,27.8991,0
3005,94.0881,33.8738,0
3006,91.7755,39.7148,0
3007,89.1007,45.399,0
3008,86.0742,50.9041,0
3009,82.7081,56.2083,0
3010,79.0155,61.2907,0
3011,75.0111,66.1312,0
3012,70.7107,70.7107,0
3013,66.1312,75.0111,0
3014,61.2907,79.0155,0
3015,56.2083,82.7081,0
3016,50.9041,86.0742,0
3017,45.399,89.1007,0
3018,39.7148,91.7755,0
3019,33.8738,94.0881,0
3020,27.8991,96.0294,0
3021,21.8143,97.5917,0
3022,15.6434,98.7688,0
3023,9.41083,99.5562,0
3024,3.14108,99.9507,0
3025,-3.14108,99.9507,0
3026,-9.41083,99.5562,0
3027,-15.6434,98.7688,0
3028,-21.8143,97.5917,0
3029,-27.8991,96.0294,0
3030,-33.8738,94.0881,0
3031,-39.7148,91.7755,0
3032,-45.399,89.1007,0
3033,-50.9041,86.0742,0
3034,-56.2083,82.7081,0
3035,-61.2907,79.0155,0
3036,-66.1312,75.0111,0
3037,-70.7107,70.7107,0
3038,-75.0111,66.1312,0
3039,-79.0155,61.2907,0
3040,-82.7081,56.2083,0
3041,-86.0742,50.9041,0
3042,-89.1007,45.399,0
3043,-91.7755,39.7148,0
3044,-94.0881,33.8738,0
3045,-96.0294,27.8991,0
3046,-97.5917,21.8143,0
3047,-98.7688,15.6434,0
3048,-99.5562,9.41083,0
3049,-99.9507,3.14108,0
3050,-99.9507,-3.14108,0
3051,-99.5562,-9.41083,0
3052,-98.7688,-15.6434,0
3053,-97.5917,-21.8143,0
3054,-96.0294,-27.8991,0
3055,-94.0881,-33.8738,0
3056,-91.7755,-39.7148,0
3057,-89.1007,-45.399,0
3058,-86.0742,-50.9041,0
3059,-82.7081,-56.2083,0
3060,-79.0155,-61.2907,0
3061,-75.0111,-66.1312,0
3062,-70.7107,-70.7107,0
3063,-66.1312,-75.0111,0
3064,-61.2907,-79.0155,0
3065,-56.2083,-82.7081,0
3066,-50.9041,-86.0742,0
3067,-45.399,-89.1007,0
3068,-39.7148,-91.7755,0
3069,-33.8738,-94.0881,0
3070,-27.8991,-96.0294,0
3071,-21.8143,-97.5917,0
3072,-15.6434,-98.7688,0
3073,-9.41083,-99.5562,0
3074,-3.14108,-99.9507,0
3075,3.14108,-99.9507,0
3076,9.41083,-99.5562,0
3077,15.6434,-98.7688,0
3078,21.8143,-97.5917,0
3079,27.8991,-96.0294,0
3080,33.8738,-94.0881,0
3081,39.7148,-91.7755,0
3082,45.399,-89.1007,0
3083,50.9041,-86.0742,0
3084,56.2083,-82.7081,0
3085,61.2907,-79.0155,0
3086,66.1312,-75.0111,0
3087,70.7107,-70.7107,0
3088,75.0111,-66.1312,0
3089,79.0155,-61.2907,0
3090,82.7081,-56.2083,0
3091,86.0742,-50.9041,0
3092,89.1007,-45.399,0
3093,91.7755,-39.7148,0
3094,94.0881,-33.8738,0
3095,96.0294,-27.8991,0
3096,97.5917,-21.8143,0
3097,98.7688,-15.6434,0
3098,99.5562,-9.41083,0
3099,99.9507,-3.14108,0
